327.8194 252.9557 42.2261 199.4966 2.28 0
467.4058 163.7397 45.1535 172.0216 4.22 0
506.735 381.4582 42.7758 189.9128 5.89 0
614.8657 266.613 46.4732 189.7845 1.606815 0
602.7473 112.8388 34.4357 150.6912 5.75 0
212.1224 221.7014 40.8154 151.0615 2.466815 0
327.5214 124.9063 38.4583 173.0193 4.266815 0
279.5214 61.9063 38.4583 173.0193 4.176815 0
121.5214 365.6855 38.4583 173.0193 5.956815 0
147.3041 240.4862 36.7948 159.1384 5.183185 0
69.2524 178.3689 34.0068 123.1418 1.5 0
134.3041 95.4862 36.7948 159.1384 4.483185 0
444.3924 35.0989 45.6381 55.4178 0.9 0
