253.2058 291.5205 42.7195 169.2988 2.6 0
467.9119 148.1898 46.8706 216.6613 5.29 0
331.9119 172.1898 46.8706 216.6613 4.97 0
125.5286 291.1835 36.7061 120.3005 2.1 0
179.0853 105.6278 40.5563 160.4395 1.21 0
588.8839 99.3797 39.7098 174.8361 0.19 0
465.293 53.8997 44.1339 102.5958 6.273185 0
517.793 41.8997 45.3538 80.6069 6.273185 0
362.6839 48.7648 47.2284 85.9939 0.39 0
269.0956 24.2811 38.6472 141.536 1.5 0
464.9448 450.2548 36.6841 115.0061 4.9 0
62.1415 236.0866 42.6765 173.3253 0.516815 0
61.3726 234.0866 42.6765 173.3253 0.516815 0
151.0412 212.4667 29.4673 96.8569 4.9 0
