359.3718 370.9744 47.0 214.0 2.79 0
443.7244 382.9872 48.3088 204.6595 2.49 0
410.0279 212.4321 40.3889 167.4284 1.06 0
207.0279 214.4321 40.3889 167.4284 2.26 0
200.5212 375.7477 40.9355 181.1218 2.88 0
108.5212 373.7477 40.9355 181.1218 5.97 0
274.5212 107.7477 40.9355 181.1218 1.586815 0
663.1229 384.7477 40.9355 181.1218 0.286815 0
102.1229 225.7477 40.9355 181.1218 2.456815 0
643.1969 123.9567 38.9191 144.3583 1.2 0
604.2502 68.5276 34.9379 125.006 6.183185 0
278.7164 16.5591 29.1047 160.0127 1.56 0
