455.9591 214.6812 56.3264 256.9338 0.4 0
273.6607 254.9714 37.8999 169.1442 2.47 0
293.406 108.5893 46.5705 170.5192 1.67 0
130.2101 271.589 41.3035 162.8591 4.88 0
646.7908 205.6386 42.4211 133.4321 4.89 0
582.731 410.1372 38.3949 131.0346 2.8 0
413.1428 45.8454 52.8204 73.7966 0.516815 0
469.6246 40.9186 44.4414 114.1678 1.216815 0
138.2791 89.7468 39.5578 158.7207 2.916815 0
165.2791 169.7468 39.5578 158.7207 1.516815 0
36.1069 224.8829 39.6019 111.8229 2.916815 0
121.4086 70.1615 41.7798 142.9262 1.316815 0
