223.5901 230.5668 54.5174 185.6225 4.443185 0
457.2964 292.801 40.5823 162.9747 4.143185 0
393.2964 93.801 40.5823 162.9747 2.543185 0
539.2293 76.8334 55.6368 186.8139 1.073185 0
306.7172 147.3428 40.3735 155.3195 4.183185 0
645.2044 195.2714 39.7967 180.4126 0.3 0
126.3289 351.2147 41.3673 148.4746 1.1 0
221.103 73.5422 45.7915 148.2196 0.7 0
138.4827 103.1044 39.0874 131.1285 1.0 0
85.4827 246.1044 39.0874 131.1285 1.9 0
84.4827 313.1044 39.0874 131.1285 4.583185 0
51.7897 330.7683 24.6156 125.1661 5.683185 0
83.9486 159.6172 44.6765 122.0285 4.683185 0
