[[389 333]
 [417 301]
 [265 171]
 [238 204]]
[[380 184]
 [402 224]
 [553 142]
 [532 103]]
[[490 285]
 [450 301]
 [523 477]
 [562 460]]
[[708 293]
 [710 246]
 [520 239]
 [519 286]]
[[579  39]
 [549  56]
 [626 186]
 [655 168]]
[[243 293]
 [275 267]
 [180 149]
 [149 175]]
[[241 144]
 [257 179]
 [413 104]
 [397  70]]
[[195  89]
 [214 122]
 [363  34]
 [344   1]]
[[111 277]
 [ 75 289]
 [131 453]
 [167 441]]
[[ 84 187]
 [ 68 220]
 [209 292]
 [226 260]]
[[131 190]
 [129 157]
 [  6 165]
 [  9 199]]
[[ 52  95]
 [ 60 131]
 [215  95]
 [207  59]]
[[480  35]
 [451   0]
 [408  34]
 [436  70]]
