[[278 375]
 [315 353]
 [227 207]
 [191 229]]
[[389  69]
 [364 108]
 [545 226]
 [571 187]]
[[233 121]
 [221 167]
 [430 222]
 [442 177]]
[[168 337]
 [186 305]
 [ 82 244]
 [ 64 276]]
[[261  96]
 [246  58]
 [ 96 114]
 [111 152]]
[[624  17]
 [585   9]
 [552 181]
 [591 188]]
[[486   2]
 [442   2]
 [443 105]
 [487 104]]
[[540   1]
 [494   1]
 [495  82]
 [540  81]]
[[400  17]
 [357   0]
 [324  79]
 [368  97]]
[[341  38]
 [338   0]
 [197  10]
 [199  48]]
[[411 421]
 [405 457]
 [518 479]
 [524 442]]
[[123 171]
 [ 86 150]
 [  0 300]
 [ 37 321]]
[[122 169]
 [ 85 148]
 [  0 298]
 [ 37 319]]
[[106 188]
 [100 217]
 [195 235]
 [201 207]]
