[[374 479]
 [418 463]
 [344 262]
 [300 278]]
[[486 479]
 [524 449]
 [400 286]
 [362 316]]
[[492 189]
 [473 153]
 [327 235]
 [346 270]]
[[258 283]
 [284 252]
 [155 145]
 [129 176]]
[[204 468]
 [243 457]
 [196 282]
 [157 293]]
[[100 281]
 [ 61 293]
 [116 466]
 [155 453]]
[[364 129]
 [365  88]
 [184  85]
 [183 126]]
[[708 303]
 [669 292]
 [617 465]
 [657 477]]
[[143 308]
 [175 282]
 [ 60 142]
 [ 28 168]]
[[717 115]
 [703  79]
 [568 131]
 [582 168]]
[[615   4]
 [580   8]
 [593 132]
 [627 128]]
[[358  30]
 [358   1]
 [198   2]
 [198  31]]
