[[317 115]
 [273 133]
 [358 335]
 [402 316]]
[[584 161]
 [543 136]
 [432 325]
 [474 350]]
[[322 276]
 [312 232]
 [107 282]
 [118 326]]
[[209 135]
 [186  96]
 [  5 204]
 [ 28 243]]
[[116 272]
 [139 307]
 [286 211]
 [264 177]]
[[381 100]
 [409 135]
 [535  35]
 [507   0]]
[[602  21]
 [561  22]
 [565 210]
 [606 209]]
[[582 341]
 [621 354]
 [683 177]
 [644 163]]
[[233   0]
 [199   8]
 [219 102]
 [253  94]]
[[356   1]
 [327  21]
 [382 100]
 [411  80]]
[[  9 103]
 [  3 139]
 [116 157]
 [121 121]]
[[183  66]
 [176  31]
 [ 49  55]
 [ 55  90]]
