[[531 107]
 [480  85]
 [379 322]
 [431 343]]
[[311 332]
 [341 309]
 [235 176]
 [206 200]]
[[375 140]
 [380  93]
 [210  76]
 [206 123]]
[[ 53 237]
 [ 46 278]
 [207 305]
 [213 264]]
[[584 172]
 [577 214]
 [708 238]
 [716 196]]
[[586 478]
 [622 465]
 [578 341]
 [542 354]]
[[454  26]
 [408   0]
 [371  64]
 [417  90]]
[[530  41]
 [515   0]
 [408  39]
 [423  81]]
[[136 171]
 [175 162]
 [139   7]
 [101  16]]
[[245 185]
 [243 145]
 [ 84 154]
 [ 87 193]]
[[ 29 283]
 [ 67 274]
 [ 42 165]
 [  4 174]]
[[195  72]
 [185  31]
 [ 46  67]
 [ 57 108]]
