[[126 228]
 [141 281]
 [320 232]
 [305 179]]
[[377 319]
 [399 353]
 [536 265]
 [514 231]]
[[422 172]
 [455 149]
 [364  15]
 [330  37]]
[[634  56]
 [608   7]
 [443  96]
 [470 145]]
[[229 169]
 [249 203]
 [383 125]
 [363  90]]
[[690 114]
 [652 103]
 [599 275]
 [637 287]]
[[201 335]
 [183 299]
 [ 50 366]
 [ 69 403]]
[[286  31]
 [251   2]
 [155 115]
 [190 144]]
[[204  84]
 [183  51]
 [ 72 122]
 [ 93 154]]
[[141 285]
 [153 248]
 [ 29 206]
 [ 17 243]]
[[ 16 302]
 [ 21 340]
 [152 324]
 [146 285]]
[[ 26 272]
 [  6 286]
 [ 76 389]
 [ 97 375]]
[[ 22 139]
 [ 23 183]
 [145 180]
 [144 135]]
